0.6507936508
0.8205128205
0.7043010753
0.6285714286
0.0571428571
0.1798941799
0.9383886256
0.5102040816
0.0571428571
0.2917337203
0.1000000000
0.2111111111
0.1500000000
0.1888888889
0.4861111111
0.5386996904
0.4166666667
0.2555555556
0.7724867725
0.7195767196
0.1888888889
0.5978835979
0.2266666667
0.7696629213
0.6978417266
0.3222222222
0.6075268817
0.4565217391
0.3111111111
0.5441176471
0.6075268817
0.2786259542
0.7678571429
0.1444444444
0.0666666667
0.6091954023
0.6666666667
0.6091954023
0.6458333333
0.4705882353
0.2388888889
0.2010582011
0.7453271028
0.2444444444
0.4388888889
0.7956521739
0.3111111111
0.7322751323
0.4600000000
0.0992366412
0.4000000000
0.7526881720
0.3492063492
0.2777777778
0.6236559140
0.3444444444
0.6738544474
0.3988095238
0.4117647059
0.7419354839
0.3281250000
0.1285714286
0.7037037037
0.3913043478
0.6612903226
0.3666666667
0.2777777778
0.8444444444
0.1333333333
0.2910052910
0.9047619048
0.7511961722
0.5135135135
0.6137931034
0.5694444444
0.6021505376
0.3947368421
0.4179894180
0.7371794872
0.1555555556
0.1333333333
0.1333333333
0.7040816327
0.4000000000
0.6192893401
0.0666666667
0.5558300395
0.6944444444
0.6428571429
0.3750000000
0.5131578947
0.4222222222
0.2751322751
0.4693877551
0.7513227513
0.3666666667
0.3333333333
0.2175572519
0.2555555556
0.7177857188
0.2380952381
0.4861111111
0.1285714286
0.4305555556
0.2777777778
0.3222222222
0.7166666667
0.5448275862
0.2611111111
0.6666666667
0.8190045249
0.7166666667
0.7916666667
0.8835978836
0.4777777778
0.4268292683
0.7611111111
0.4412389862
0.7800000000
0.3722222222
0.4944444444
0.5666666667
0.6454545455
0.5333333333
0.7204301075
0.6827956989
0.1166666667
0.7741935484
0.6609195402
0.4333333333
0.6656889809
0.1888888889
0.2611111111
0.4111111111
0.7948717949
0.3518659237
0.3913043478
0.4814814815
0.2666666667
0.2200000000
0.7401574803
0.1165413534
0.6455026455
0.7133333333
0.2500000000
0.4074074074
0.3555555556
0.3166666667
0.3666666667
0.2777777778
0.3500000000
0.3571428571
0.7000351301
0.3333333333
0.4782608696
0.6688741722
0.7754796040
0.3750000000
0.7236559140
0.3000000000
0.8444444444
0.7419354839
0.2910052910
0.4277777778
0.6730816227
0.2910052910
0.6376014724
0.2804232804
0.5916666667
0.3866666667
0.4342105263
0.7134831461
0.8461538462
0.1277777778
0.3111111111
0.1714285714
0.5132275132
0.8218694885
0.0555555556
0.1166666667
0.6436781609
0.8880638097
0.8028332580
0.6966292135
0.5657894737
0.3277777778
0.4222222222
0.5102040816
0.4111111111
0.7248677249
0.1285714286
0.3055555556
0.2111111111
0.2083333333
0.4380952381
0.4861111111
0.4500000000
0.9121621622
0.5694444444
0.8324873096
0.2674041005
0.6560846561
0.0571428571
0.2800000000
0.8205128205
0.5728515803
0.8835978836
0.8191244240
0.5837104072
0.7766666667
0.7711640212
0.4777777778
0.6029411765
0.3277777778
0.6455026455
0.6494252874
0.4611111111
0.6746411483
0.2055335968
0.1917293233
0.7956989247
0.6746411483
0.1571428571
0.0795454545
0.6494252874
0.6704980843
0.7166666667
0.2444444444
0.7195767196
0.2962962963
0.8000000000
0.7453271028
0.7664974619
0.7401574803
0.3913043478
0.7166666667
0.4111111111
0.2083333333
0.3722222222
0.7413793103
0.2500000000
0.6197183099
0.4888888889
0.3555555556
0.3000000000
0.4166666667
0.2714285714
0.3627601474
0.4388888889
0.5694444444
0.2910052910
0.1285714286
0.6162162162
0.7722222222
0.3333333333
0.7790294032
0.3000000000
0.8166666667
0.8444444444
0.5555555556
0.3227513228
0.5919540230
0.4444444444
0.6688741722
0.4206896552
0.5850000000
0.8201058201
0.5185185185
0.7526881720
0.4000000000
0.3555555556
0.0568181818
0.3068181818
0.1333333333
0.7388888889
0.4000000000
0.7460317460
0.5767195767
0.1000000000
0.0568181818
0.7311827957
0.8418604651
0.4814814815
0.3750000000
0.5131578947
0.4709219858
0.2910052910
0.1904761905
0.5357142857
0.8148148148
0.2833333333
0.0611111111
0.3695652174
0.2111111111
0.2812500000
0.3111111111
0.1335877863
0.3586206897
0.4268292683
0.2444444444
0.9312169312
0.4500000000
0.3586206897
0.8888888889
0.5373859518
0.2611111111
0.9716981132
0.8624338624
0.7800000000
0.8880638097
0.7555555556
0.7159090909
0.8169014085
0.6772486772
0.9001455322
0.3833333333
0.5131578947
0.6388888889
0.5666666667
0.4500000000
0.2000000000
0.7248677249
0.2722222222
0.2213438735
0.6746411483
0.1142857143
0.5888888889
0.6290057033
0.6833333333
0.5222222222
0.5178571429
0.8042328042
0.4579439252
0.2611111111
0.5888888889
0.6388888889
0.3913043478
0.7453271028
0.5411111111
0.3222222222
0.7195767196
0.3913043478
0.6455026455
0.7043010753
0.3444444444
0.2380952381
0.6388888889
0.7413793103
0.0939849624
0.8880638097
0.7514072148
0.4888888889
0.3444444444
0.7849462366
0.3222222222
0.3277777778
0.2714285714
0.2611111111
0.6129032258
0.4920634921
0.6304347826
0.6388888889
0.6666666667
0.3666666667
0.9020979021
0.6021505376
0.5555555556
0.6446700508
0.8028332580
0.5500000000
0.8000000000
0.4391534392
0.7531380753
0.7536231884
0.3095238095
0.3222222222
0.6694915254
0.4666666667
0.3597883598
0.5916666667
0.8560606061
0.2910052910
0.8440860215
0.3750000000
0.2954545455
0.7419354839
0.3111111111
0.4687500000
0.7236559140
0.4166666667
0.7460317460
0.8465608466
0.0600000000
0.0555555556
0.0898876404
0.6296296296
0.5666666667
0.8000000000
0.7460317460
0.5500000000
0.7037037037
0.7962962963
0.7936507937
0.4994262369
0.4166666667
0.1285714286
0.5888888889
0.9682539683
0.2200000000
0.3181818182
0.9759620510
0.4111111111
0.6777777778
0.4898989899
0.5694444444
0.7956521739
0.8624338624
0.3000000000
0.8689655172
0.7043010753
0.4777777778
0.7916666667
0.5700000000
0.7722222222
0.7989417989
0.7722222222
0.7956521739
0.8472222222
0.4861111111
0.5000000000
0.7888888889
0.6595744681
0.3277777778
0.3863636364
0.9622641509
0.6666666667
0.5277777778
0.2557251908
0.8518518519
0.5555555556
0.6836734694
0.7000000000
0.5336278553
0.7956521739
0.8944444444
0.8000000000
0.4111111111
0.2666666667
0.3555555556
0.6500000000
0.4666666667
0.7428315412
0.5714285714
0.8463689148
0.7883597884
0.6458333333
0.6055555556
0.7413793103
0.1165413534
0.2500000000
0.8835978836
0.7473118280
0.7380952381
0.2666666667
0.6137931034
0.6560846561
0.4600000000
0.7936507937
0.6129032258
0.2055555556
0.8201058201
0.5694444444
0.7857142857
0.7005230627
0.2200000000
0.4306220096
0.6719576720
0.6704980843
0.4166666667
0.6481186273
0.8602150538
0.8571428571
0.3944444444
0.6600000000
0.7388888889
0.4603174603
0.6613756614
0.6550000000
0.2555555556
0.4500000000
0.6190476190
0.3055555556
0.3444444444
0.0714285714
0.3111111111
0.4777777778
0.0534351145
0.3387978142
0.1285714286
0.4444444444
0.6455026455
0.9764150943
0.4500000000
0.5448275862
0.2277777778
0.7625570776
0.7605633803
0.7688172043
0.7461928934
0.5131578947
0.3839869281
0.4333333333
0.5268817204
0.8148148148
0.4611111111
0.8777777778
0.3166666667
0.5238095238
0.4388888889
0.6388888889
0.3383458647
0.2066666667
0.8902668512
0.0888888889
0.6455026455
0.6277777778
0.7413793103
0.4497354497
0.8250000000
0.7473118280
0.5357142857
0.3222222222
0.8636363636
0.7453271028
0.3944444444
0.3277777778
0.4666666667
0.7956521739
0.8340425532
0.5666666667
0.4388888889
0.8134767025
0.1259541985
0.6612903226
0.7580645161
0.5238095238
0.4444444444
0.8037383178
0.6055555556
0.3222222222
0.6571428571
0.4920634921
0.7903225806
0.7833333333
0.2910052910
0.6137566138
0.4000000000
0.8090909091
0.0568181818
0.5689655172
0.7777777778
0.6022727273
0.3444444444
0.6458333333
0.5919540230
0.7724867725
0.7553763441
0.3555555556
0.4166666667
0.5609756098
0.5241379310
0.1333333333
0.7460317460
0.8817204301
0.8306072289
0.4633414956
0.7000000000
0.6034482759
0.5238095238
0.4942528736
0.1333333333
0.1333333333
0.3095238095
0.6337406321
0.7400000000
0.8113050635
0.4411764706
0.7566137566
0.1277777778
0.1166666667
0.0909090909
0.7333333333
0.5919540230
0.7204301075
0.6130952381
0.3666666667
0.5052631579
0.4388888889
0.3888888889
0.3597883598
0.4603174603
0.5502645503
0.4333333333
0.2910052910
0.9683257919
0.3160919540
0.3111111111
0.3444444444
0.3000000000
0.6772486772
0.2055335968
0.4861111111
0.1166666667
0.2666666667
0.5057471264
0.3586206897
0.2674041005
0.7854216684
0.2055555556
0.7959183673
0.7564102564
0.4603174603
0.0611111111
0.7166666667
0.8181818182
0.4444444444
0.2944444444
0.3978494624
0.7526881720
0.7333333333
0.5131578947
0.8133333333
0.6388888889
0.3722222222
0.7248677249
0.2000000000
0.1285714286
0.6667474103
0.2450592885
0.7391304348
0.1714285714
0.2827586207
0.1931818182
0.4545454545
0.6494252874
0.5820105820
0.3111111111
0.7307692308
0.2444444444
0.5555555556
0.2722222222
0.2611111111
0.2674041005
0.7204301075
0.7453271028
0.2444444444
0.4388888889
0.8602150538
0.8440860215
0.7354497354
0.2666666667
0.7413793103
0.7195767196
0.6197183099
0.7555555556
0.3809523810
0.6538461538
0.6666666667
0.3571428571
0.4500000000
0.4782608696
0.2592592593
0.5430463576
0.6833333333
0.8764044944
0.5333333333
0.3302015251
0.2166666667
0.5833333333
0.2910052910
0.5057471264
0.4166666667
0.4868421053
0.2857142857
0.5057471264
0.4193548387
0.7526881720
0.6612903226
0.3555555556
0.2812500000
0.6089743590
0.1333333333
0.4126984127
0.4126984127
0.6446700508
0.8571428571
0.0769841270
0.7460317460
0.6546658986
0.6935483871
0.3277777778
0.7741935484
0.3277777778
0.9573459716
0.3597883598
0.9055555556
0.2666666667
0.0992366412
0.2175572519
0.4583333333
0.2083333333
0.1714285714
0.5541795666
0.4944444444
0.6264367816
0.3586206897
0.7555555556
0.3722222222
0.0555555556
0.2800000000
0.4814814815
0.6888888889
0.4268292683
0.7195767196
0.6296296296
0.3111111111
0.5666666667
0.6075268817
0.3888888889
0.6494252874
0.1944444444
0.0777777778
0.6454545455
0.7142857143
0.6839080460
0.6296296296
0.7166666667
0.4166666667
0.2611111111
0.7705547607
0.6378504673
0.2444444444
0.6481186273
0.8252314815
0.7407407407
0.4388888889
0.7724867725
0.8064516129
0.2380952381
0.6129032258
0.5700934579
0.5913978495
0.3439153439
0.2910052910
0.3492063492
0.5632183908
0.7473118280
0.0568181818
0.2000000000
0.7354497354
0.4166666667
0.3750000000
0.3888888889
0.6091954023
0.7850000000
0.5500000000
0.7800000000
0.4388888889
0.6602870813
0.4736842105
0.4551724138
0.5222222222
0.8465608466
0.4074074074
0.7134831461
0.3555555556
0.3295454545
0.2611111111
0.0444444444
0.6089743590
0.5944444444
0.4873096447
0.3809523810
0.1166666667
0.0555555556
0.5632183908
0.5885167464
0.6827956989
0.6474358974
0.8835978836
0.4722222222
0.3333333333
0.4603174603
0.7881040892
0.4611111111
0.3863636364
0.2671755725
0.4861111111
0.2444444444
0.4000000000
0.5131578947
0.8133333333
0.2500000000
0.4000000000
0.5229885057
0.2777777778
0.2611111111
0.9301075269
0.5552884615
0.0777777778
0.7800000000
0.6197183099
0.7597778566
0.2333333333
0.3548387097
0.7611111111
0.6153846154
0.9153439153
0.3722222222
0.7248677249
0.7724867725
0.1285714286
0.4160305344
0.2332015810
0.1766666667
0.2827586207
0.0777777778
0.2800000000
0.6839080460
0.3111111111
0.7379310345
0.5285714286
0.3714285714
0.2000000000
0.2482751323
0.3944444444
0.4666666667
0.7766497462
0.2166666667
0.2611111111
0.7722222222
0.1165413534
0.7204301075
0.2083333333
0.7133333333
0.4777777778
0.4206896552
0.7005230627
0.4179894180
0.3111111111
0.4166666667
0.3695652174
0.5632183908
0.7526881720
0.3968253968
0.6507936508
0.5430463576
0.3166666667
0.3913043478
0.6720430108
0.7033418476
0.5285714286
0.5500000000
0.2910052910
0.5285714286
0.6730816227
0.5535714286
0.5000000000
0.1222222222
0.4722222222
0.6907407407
0.4605263158
0.7671957672
0.3555555556
0.1888888889
0.2812500000
0.4761904762
0.1666666667
0.4027777778
0.6666666667
0.1000000000
0.0777777778
0.6739130435
0.6935483871
0.6674603175
0.5131578947
0.7222222222
0.3388888889
0.2910052910
0.3913043478
0.5343915344
0.7142857143
0.2910052910
0.1285714286
0.2428571429
0.5694444444
0.2083333333
0.1501976285
0.1285714286
0.4994262369
0.5167464115
0.8444444444
0.7417582418
0.6666666667
0.0777777778
0.7850000000
0.7954545455
0.7311827957
0.8677248677
0.2827586207
0.5837104072
0.3586206897
0.7820106417
0.0555555556
0.8148148148
0.3333333333
0.6357615894
0.5277777778
0.6290057033
0.1857142857
0.4160305344
0.5111111111
0.1666666667
0.7722222222
0.2298850575
0.0888888889
0.6724137931
0.7078189300
0.7311827957
0.2519083969
0.7388888889
0.3714285714
0.2428571429
0.2777777778
0.5057471264
0.7401574803
0.3277777778
0.4666666667
0.8444444444
0.7800000000
0.3913043478
0.3611111111
0.7413793103
0.2500000000
0.4444444444
0.7910962872
0.6666666667
0.6243386243
0.4179894180
0.3277777778
0.5222222222
0.4206896552
0.5632183908
0.3277777778
0.1857142857
0.3777777778
0.8661833531
0.5222222222
0.6000000000
0.7833333333
0.6111111111
0.8741258741
0.4333333333
0.3888888889
0.3222222222
0.5113636364
0.4896551724
0.1285714286
0.5163043478
0.4666666667
0.8000000000
0.4550264550
0.7962729205
0.1500000000
0.2333333333
0.2277777778
0.1666666667
0.7440211346
0.6827956989
0.4777777778
0.8412698413
0.1166666667
0.1111111111
0.8091603053
0.7043010753
0.8418604651
0.4861111111
0.3750000000
0.4861111111
0.5629100529
0.2910052910
0.2277777778
0.3913043478
0.5343915344
0.8527383159
0.2611111111
0.2910052910
0.3695652174
0.2200000000
0.5694444444
0.2812500000
0.3690476190
0.4861111111
0.4994262369
0.4611111111
0.5167464115
0.3750000000
0.8984771574
0.7832167832
0.8888888889
0.2611111111
0.9764150943
0.8790381263
0.8068399927
0.8835978836
0.8627834605
0.7989417989
0.5900000000
0.8518518519
0.7195767196
0.8440860215
0.2840909091
0.9153439153
0.6162162162
0.6388888889
0.4611111111
0.6341463415
0.1285714286
0.8300000000
0.8205128205
0.1917293233
0.2374100719
0.0555555556
0.0534351145
0.6444444444
0.4111111111
0.6576086957
0.6839080460
0.2611111111
0.7195767196
0.2611111111
0.2386363636
0.6388888889
0.3555555556
0.7733644860
0.7884615385
0.5057471264
0.7777777778
0.6301369863
0.6617204752
0.6611111111
0.3444444444
0.2444444444
0.2611111111
0.6455026455
0.1221374046
0.8880638097
0.8602876530
0.4867724868
0.3444444444
0.3222222222
0.3333333333
0.8055555556
0.3833333333
0.2910052910
0.1666666667
0.5555555556
0.7037037037
0.4531250000
0.8680555556
0.4940476190
0.5694444444
0.6446700508
0.4531250000
0.5722222222
0.6455026455
0.4232804233
0.8095238095
0.6719576720
0.7832167832
0.6153846154
0.7526881720
0.5241379310
0.2910052910
0.5163043478
0.8055555556
0.5141341285
0.5767195767
0.3555555556
0.7460317460
0.2777777778
0.1363636364
0.7241379310
0.8223350254
0.8201058201
0.8201058201
0.1166666667
0.0722222222
0.8160919540
0.8624338624
0.6944444444
0.8205128205
0.8571428571
0.6458333333
0.7724867725
0.7500000000
0.6500000000
0.6444444444
0.2944444444
0.1259541985
0.4388888889
0.2888888889
0.3000000000
0.4940476190
0.9735449735
0.2777777778
0.5555555556
0.6888888889
0.3666666667
0.5888888889
0.5750000000
0.7204301075
0.8888888889
0.8689655172
0.7705547607
0.8709677419
0.8730158730
0.8255308208
0.8500000000
0.6455026455
0.8636363636
0.7222222222
0.5000000000
0.6296296296
0.7777777778
0.9470899471
0.3333333333
0.3908045977
0.9722222222
0.7112676056
0.8005431890
0.8924731183
0.1933333333
0.5333333333
0.5888888889
0.8655913978
0.6538036703
0.3666666667
0.8252314815
0.1285714286
0.1704545455
0.7453271028
0.2444444444
0.3555555556
0.8730158730
0.2428571429
0.7166666667
0.8333333333
0.8602150538
0.4111111111
0.3722222222
0.8062457419
0.6777777778
0.7519685039
0.7941176471
0.6777777778
0.2666666667
0.9773755656
0.8518518519
0.7419354839
0.5333333333
0.7142857143
0.8135593220
0.5767195767
0.4398496241
0.6944444444
0.5739644970
0.8951048951
0.6666666667
0.7258064516
0.5767195767
0.7857142857
0.6719576720
0.7566137566
0.5163043478
0.2055555556
0.2611111111
0.8666666667
0.8555555556
0.7692307692
0.7956989247
0.5388888889
0.8359788360
0.7513227513
0.2777777778
0.7634408602
0.8055555556
0.4166666667
0.3277777778
0.0714285714
0.2888888889
0.4940476190
0.3181818182
0.4333333333
0.8509149410
0.9716981132
0.7135135135
0.9735449735
0.7243589744
0.9100529101
0.8924731183
0.5343915344
0.8166666667
0.8277777778
0.8444444444
0.7888888889
0.6455026455
0.4230952381
0.4111111111
0.6026490066
0.9417989418
0.3333333333
0.2420382166
0.9365079365
0.2428571429
0.5300000000
0.7526881720
0.8055555556
0.2555555556
0.8444444444
0.2555555556
0.1000000000
0.6927083333
0.8148148148
0.7371794872
0.6455026455
0.3277777778
0.3383458647
0.6611111111
0.6026490066
0.4232804233
0.1285714286
0.8223350254
0.7500000000
0.8166666667
0.8611111111
0.8333333333
0.5238095238
0.6777777778
0.8409090909
0.1300000000
0.8201058201
0.8279569892
0.5888888889
0.8333333333
0.5666666667
0.6694915254
0.2777777778
0.5000000000
0.8677248677
0.8166666667
0.3597883598
0.6455026455
0.4111111111
0.9007633588
0.8055555556
0.0611111111
0.5666666667
0.4761904762
0.8811188811
0.8300000000
0.8333333333
0.3944444444
0.7888888889
0.8656909817
0.7142857143
0.4111111111
0.4232804233
0.5241379310
0.1165413534
0.7915760870
0.8730158730
0.5052631579
0.8571428571
0.7833333333
0.8602150538
0.3857142857
0.3295454545
0.8055555556
0.2298850575
0.8870967742
0.6827956989
0.6927083333
0.8223350254
0.5571428571
0.8125000000
0.8811188811
0.1000000000
0.0444444444
0.2500000000
0.8390804598
0.7183908046
0.7800000000
0.6216931217
0.6765279726
0.7722222222
0.3492063492
0.4821428571
0.8876424501
0.7000000000
0.8425196850
0.6277777778
0.4204545455
0.1285714286
0.3068181818
0.3977272727
0.2976190476
0.8042328042
0.2888888889
0.4861111111
0.1285714286
0.2944444444
0.3695652174
0.4777777778
0.8915343915
0.5448275862
0.7722222222
0.7849462366
0.9622641509
0.8448275862
0.0909090909
0.8655913978
0.8555555556
0.7222222222
0.3555555556
0.5487804878
0.8655913978
0.7752808989
0.5000000000
0.8624338624
0.6388888889
0.3277777778
0.8306878307
0.1000000000
0.2386363636
0.1625541126
0.6666666667
0.2411067194
0.8064516129
0.1679389313
0.1845238095
0.2022900763
0.5888888889
0.6839080460
0.8095238095
0.7282608696
0.7450000000
0.5860215054
0.6666666667
0.4333333333
0.2611111111
0.7346938776
0.8518518519
0.4111111111
0.7681159420
0.7258064516
0.5333333333
0.8978494624
0.8555555556
0.2586206897
0.3695652174
0.2555555556
0.7780555556
0.1145038168
0.6684636119
0.4333333333
0.4206896552
0.7555555556
0.2804232804
0.3222222222
0.3563218391
0.6142857143
0.2444444444
0.1666666667
0.8678160920
0.3333333333
0.7777777778
0.7566137566
0.5430463576
0.5185185185
0.7830687831
0.2910052910
0.7688172043
0.3444444444
0.9086021505
0.7166666667
0.1222222222
0.5163043478
0.8148148148
0.4000000000
0.8653846154
0.1277777778
0.2333333333
0.2045454545
0.1333333333
0.6277777778
0.7460317460
0.8061224490
0.1111111111
0.0666666667
0.6467391304
0.8205128205
0.7090909091
0.7555555556
0.8835978836
0.2555555556
0.9198113208
0.3227513228
0.8000000000
0.3444444444
0.1000000000
0.2613636364
0.2722222222
0.2751322751
0.4666666667
0.4861111111
0.1000000000
0.6560846561
0.5416666667
0.3379310345
0.8675799087
0.4388888889
0.0555555556
0.8166666667
0.6827956989
0.4940476190
0.7142857143
0.5111111111
0.2551724138
0.3947368421
0.4558823529
0.3111111111
0.1428571429
0.4160305344
0.7688172043
0.1222222222
0.1931818182
0.0777777778
0.7142857143
1.0053763441
0.6609195402
0.6687500000
0.2045454545
0.3439153439
0.1888888889
0.2777777778
0.7037037037
0.4666666667
0.3444444444
0.8172043011
0.8169014085
0.6777777778
0.8304739175
0.8111111111
0.2083333333
0.3444444444
0.2500000000
0.9166666667
0.2777777778
0.2910052910
0.3563218391
0.8111111111
0.6319444444
0.0611111111
0.1428571429
0.5463917526
0.2910052910
0.8888888889
0.7588652482
0.7692307692
0.3444444444
0.5222222222
0.1992481203
0.2645502646
0.9365079365
0.3095238095
0.2962962963
0.1111111111
0.5163043478
0.8690476190
0.3947368421
0.6984126984
0.2444444444
0.1166666667
0.1851851852
0.1222222222
0.6344086022
0.6089743590
0.6300000000
0.8518518519
0.1111111111
0.0568181818
0.6594202899
0.7222222222
0.8461538462
0.7090909091
0.8978581468
0.3222222222
0.2751322751
0.6560846561
0.7055555556
0.4166666667
0.3500000000
0.3777777778
0.2944444444
0.2988505747
0.8253968254
0.1462450593
0.1000000000
0.6720430108
0.8944444444
0.2333333333
0.2800000000
0.5905511811
0.7379310345
0.5608465608
0.8571428571
0.8219178082
0.7500000000
0.6594202899
0.6720430108
0.5365853659
0.7333333333
0.5879120879
0.9153439153
0.3277777778
0.7883597884
0.7322751323
0.1641221374
0.3383458647
0.2411067194
0.1679389313
0.2111111111
0.5888888889
0.7136363636
0.6896551724
0.3111111111
0.6666666667
0.6029411765
0.3750000000
0.2111111111
0.3492063492
0.6086956522
0.5333333333
0.8680203046
0.2380952381
0.2777777778
0.7903225806
0.1335877863
0.7301587302
0.6827956989
0.8472222222
0.5343915344
0.3444444444
0.6594202899
0.3555555556
0.3222222222
0.4166666667
0.4555555556
0.6029411765
0.7204301075
0.3756613757
0.8055555556
0.5423728814
0.3166666667
0.2187500000
0.7311827957
0.7407407407
0.6875000000
0.5888888889
0.2910052910
0.7826086957
0.7407407407
0.6951219512
0.5241379310
0.1165413534
0.5163043478
0.6984126984
0.5365853659
0.8223350254
0.3555555556
0.1277777778
0.2333333333
0.2833333333
0.5238095238
0.7671957672
0.1111111111
0.0851063830
0.7795698925
0.8817204301
0.8089887640
0.7559523810
0.3666666667
0.7722222222
0.2944444444
0.2751322751
0.8000000000
0.5722222222
0.3750000000
0.2910052910
0.3121693122
0.2555555556
0.5365853659
0.2083333333
0.1501976285
0.1165413534
0.6243386243
0.5000000000
0.7043010753
0.2222222222
0.8571428571
0.2266666667
0.5164835165
0.7987213404
0.7564102564
0.8941798942
0.2786259542
0.6613756614
0.3529411765
0.8279569892
0.1000000000
0.5026455026
0.6927083333
0.3722222222
0.5989583333
0.5611111111
0.6888888889
0.6989247312
0.2428571429
0.7688172043
0.1666666667
0.7722222222
0.1555555556
0.5777777778
0.7183908046
0.5722222222
0.7724867725
0.2611111111
0.1165413534
0.3722222222
0.1901700680
0.3439153439
0.6888888889
0.7041170635
0.3000000000
0.4666666667
0.7777777778
0.8472222222
0.3695652174
0.3630952381
0.7474489796
0.2976190476
0.7248677249
0.5343915344
0.3444444444
0.3388888889
0.5238095238
0.3285714286
0.8055555556
0.4166666667
0.4555555556
0.7526881720
0.4179894180
0.5164835165
0.8883248731
0.2187500000
0.8835978836
0.7777777778
0.6250000000
0.7741935484
0.5888888889
0.4277777778
0.3444444444
0.3111111111
0.2111111111
0.4888888889
0.1111111111
0.5163043478
0.4605263158
0.8817204301
0.4074074074
0.3666666667
0.3555555556
0.3444444444
0.1285714286
0.8465608466
0.8500000000
0.6774193548
0.5164835165
0.7460317460
0.7407407407
0.1000000000
0.0666666667
0.6666666667
0.7142857143
0.8388888889
0.7777777778
0.9622641509
0.6455026455
0.9622641509
0.3222222222
0.2751322751
0.5502645503
0.3068783069
0.4333333333
0.2833333333
0.0611111111
0.3666666667
0.2000000000
0.5972222222
0.2380952381
0.4666666667
0.4861111111
0.7346938776
0.4708916900
0.6142857143
0.3586206897
0.3166666667
0.8100000000
0.8888888889
0.2333333333
0.9764150943
0.0555555556
0.8172043011
0.8974358974
0.7722222222
0.7222222222
0.3722222222
0.7959183673
0.5200000000
0.8851241080
0.3277777778
0.5131578947
0.5079365079
0.6388888889
0.3722222222
0.6555555556
0.1625541126
0.6075268817
0.8500000000
0.8500000000
0.7407407407
0.2045454545
0.0857142857
0.7513227513
0.5506329114
0.6031746032
0.3277777778
0.8555555556
0.4579439252
0.3722222222
0.2444444444
0.6666666667
0.4761904762
0.8228346457
0.7681159420
0.3222222222
0.1571428571
0.4666666667
0.9055555556
0.3444444444
0.2500000000
0.1888888889
0.6290322581
0.1106870229
0.8924731183
0.8994708995
0.5873015873
0.3444444444
0.5113636364
0.3388888889
0.3444444444
0.2910052910
0.4166666667
0.2444444444
0.1571428571
0.5115918530
0.8169014085
0.2187500000
0.9020979021
0.5222222222
0.6142857143
0.5161290323
0.4555555556
0.5888888889
0.7916666667
0.7142857143
0.7916666667
0.6827956989
0.3492063492
0.3111111111
0.6440677966
0.4555555556
0.4232804233
0.6290322581
0.5586206897
0.8444444444
0.5526315789
0.7036783109
0.3295454545
0.8055555556
0.1851851852
0.1363636364
0.7500000000
0.8883248731
0.9137055838
0.8571428571
0.0888888889
0.0555555556
0.6206896552
0.6848450775
0.7671957672
0.8294919812
0.8465608466
0.7103233458
0.8000000000
0.8218390805
0.8835978836
0.5944444444
0.2833333333
0.2444444444
0.6455026455
0.9722222222
0.1888888889
0.0428571429
0.9622641509
0.7142857143
0.6777777778
0.6777777778
0.6688741722
0.9148294046
0.8751765388
0.3428571429
0.6296296296
0.8219178082
0.6777777778
0.7722222222
0.7277777778
0.6296296296
0.8222222222
0.6250000000
0.8118279570
0.9500000000
0.2428571429
0.6166666667
0.8536756453
0.2444444444
0.3277777778
0.3722222222
0.8653846154
0.2111111111
0.4398496241
0.7354497354
0.8924731183
0.1946564885
0.5333333333
0.8947619048
0.9303550216
0.8655913978
0.7204301075
0.9153439153
0.1285714286
0.1704545455
0.7777777778
0.3277777778
0.7681159420
0.8518518519
0.2285714286
0.7777777778
0.7346938776
0.8624866991
0.3444444444
0.3181818182
0.9047619048
0.6444444444
0.7903225806
0.7777777778
0.6777777778
0.1904761905
0.9946236559
0.8359788360
0.7419354839
0.5333333333
0.7601838651
0.7826086957
0.5185185185
0.4000000000
0.7883597884
0.5502958580
0.8764044944
0.7361111111
0.7005230627
0.9417989418
0.7526881720
0.6719576720
0.6954022989
0.4184782609
0.2055555556
0.8359788360
0.5393376900
0.7318840580
0.8500000000
0.7777777778
0.8709677419
0.9682539683
0.7055555556
0.7043010753
0.6349206349
0.4166666667
0.2444444444
0.1000000000
0.2888888889
0.4666666667
0.3055555556
0.3000000000
0.8509149410
0.9682539683
0.3222222222
0.9629629630
0.4867724868
0.5448275862
0.3000000000
0.8730158730
0.2555555556
0.8181818182
0.8600000000
0.0444444444
0.8730158730
0.7696629213
0.8181818182
0.4032258065
0.6455026455
0.8148148148
0.4611111111
0.8736263736
0.5681818182
0.2428571429
0.7528735632
0.3766666667
0.2555555556
0.7727829675
0.2444444444
0.0888888889
0.7000000000
0.8306878307
0.7528735632
0.6827956989
0.7453271028
0.4111111111
0.4000000000
0.6357615894
0.4111111111
0.1285714286
0.6842105263
0.3701388889
0.5888888889
0.5064102564
0.8333333333
0.7619047619
0.2611111111
0.7724867725
0.7482758621
0.3905312396
0.3277777778
0.6086956522
0.4333333333
0.8223350254
0.6055555556
0.3388888889
0.6610728169
0.8201058201
0.6166666667
0.4126984127
0.4206896552
0.2555555556
0.4111111111
0.8772284644
0.9122590833
0.0571428571
0.5517241379
0.6022727273
0.4166666667
0.6458333333
0.7634408602
0.7700000000
0.7413793103
0.7959183673
0.3511904762
0.6842105263
0.4911784628
0.3597883598
0.8688027646
0.8518518519
0.7187500000
0.5185185185
0.8777777778
0.5081081081
0.8201058201
0.3857142857
0.3295454545
0.8164658468
0.2571428571
0.8333333333
0.8333333333
0.6927083333
0.8223350254
0.5555555556
0.8465608466
0.8666666667
0.1000000000
0.0444444444
0.2500000000
0.5919540230
0.7371863799
0.6923076923
0.5444444444
0.7777777778
0.5555555556
0.3222222222
0.3280423280
0.6086956522
0.6377952756
0.4555555556
0.5444444444
0.9668246445
0.3444444444
0.2325581395
0.5277777778
0.9764150943
0.4380952381
0.2031250000
0.8835978836
0.6500000000
0.6455026455
0.6594202899
0.3947368421
0.2976190476
0.8653846154
0.2888888889
0.7379310345
0.8100000000
0.8321066321
0.8222222222
0.9206349206
0.7863116573
0.4944444444
0.8653846154
0.3722222222
0.8118279570
0.7258064516
0.6166666667
0.4761904762
0.3277777778
0.5450279418
0.1000000000
0.2222222222
0.1857142857
0.6666666667
0.2134387352
0.7528735632
0.1666666667
0.2611111111
0.2045454545
0.5888888889
0.7471264368
0.8256575069
0.6704980843
0.6956521739
0.5111111111
0.6407398124
0.3571428571
0.3000000000
0.8000000000
0.8571428571
0.4497354497
0.6259889028
0.5611111111
0.5888888889
0.8440860215
0.8772284644
0.2722222222
0.3910256410
0.3444444444
0.1165413534
0.2722222222
0.8571428571
0.4867724868
0.3444444444
0.6455026455
0.2571428571
0.4545454545
0.5454545455
0.7006365270
0.4550264550
0.5430463576
0.7444444444
0.8111888112
0.5222222222
0.4761904762
0.3866666667
0.6388888889
0.2910052910
0.5057471264
0.3333333333
0.9086021505
0.5555555556
0.0939849624
0.4347826087
0.7037037037
0.4000000000
0.8201058201
0.1388888889
0.2333333333
0.2428571429
0.1333333333
0.6541448252
0.7460317460
0.8984771574
0.1111111111
0.0444444444
0.6594202899
0.7959183673
0.7258064516
0.7444444444
0.4500000000
0.3222222222
0.1798941799
0.6086956522
0.2917337203
0.3833333333
0.2738095238
0.2111111111
0.4714285714
0.2031250000
0.1501976285
0.5386996904
0.2555555556
0.5454545455
0.8783068783
0.3862068966
0.7526881720
0.4821428571
0.0444444444
0.8277777778
0.7346938776
0.6989247312
0.6792452830
0.2611111111
0.5057471264
0.7766666667
0.5960264901
0.3111111111
0.5666666667
0.6666666667
0.4333333333
0.6319444444
0.1428571429
0.0777777778
0.7045454545
0.6792452830
0.7037037037
0.6236559140
0.2388888889
0.2611111111
0.1888888889
0.3466666667
0.3809523810
0.5888888889
0.3333333333
0.7342657343
0.8253968254
0.5277777778
0.7956521739
0.8277777778
0.2611111111
0.6428571429
0.5343915344
0.6455026455
0.3000000000
0.7562010040
0.3862433862
0.8422704199
0.7112676056
0.0555555556
0.1571428571
0.8095238095
0.3750000000
0.5222222222
0.3888888889
0.8010752688
0.3444444444
0.5888888889
0.2910052910
0.8624338624
0.3305555556
0.3197294406
0.1111111111
0.6091954023
0.7346938776
0.4716202270
0.6989247312
0.2444444444
0.1222222222
0.3166666667
0.1571428571
0.6944444444
0.7096774194
0.7365591398
0.5000000000
0.8095238095
0.0666666667
0.4551083591
0.5350000000
0.6505376344
0.7564102564
0.8253968254
0.3222222222
0.3333333333
0.6086956522
0.7055555556
0.4611111111
0.4166666667
0.3444444444
0.2611111111
0.3222222222
0.8042328042
0.1944444444
0.1285714286
0.5111111111
0.8378974359
0.3000000000
0.2678571429
0.5238095238
0.2777777778
0.3000000000
0.8253968254
0.7564102564
0.0555555556
0.8061224490
0.6455026455
0.9365079365
0.4940476190
0.4268292683
0.8247869375
0.5972222222
0.8888888889
0.3442622951
0.8624338624
0.1000000000
0.5350000000
0.6839080460
0.4160305344
0.2332015810
0.1666666667
0.2175572519
0.0666666667
0.7611111111
0.6971830986
0.3227513228
0.6594202899
0.6029411765
0.3277777778
0.2111111111
0.3555555556
0.3809523810
0.5944444444
0.8671328671
0.5700000000
0.2722222222
0.2611111111
0.7848608978
0.1165413534
0.7142857143
0.2722222222
0.7133333333
0.4000000000
0.3862068966
0.7307692308
0.6455026455
0.3571428571
0.4545454545
0.3666666667
0.6470588235
0.6774193548
0.4074074074
0.1555555556
0.7037037037
0.7754796040
0.8111888112
0.5222222222
0.4722222222
0.4888888889
0.7634408602
0.4333333333
0.3988095238
0.3095238095
0.5769230769
0.3444444444
0.5215053763
0.6187500000
0.4306220096
0.7134831461
0.4000000000
0.8602150538
0.3269230769
0.3111111111
0.4551083591
0.1555555556
0.4027777778
0.8677248677
0.0851063830
0.0444444444
0.8624338624
0.7311827957
0.7688172043
0.3305555556
0.5500000000
0.3277777778
0.3333333333
0.8269230769
0.5098370181
0.4166666667
0.4166666667
0.3444444444
0.3181818182
0.3160919540
0.3722222222
0.7000000000
0.8253968254
0.4347826087
0.4920634921
0.6370370370
0.2555555556
0.8253968254
0.2595419847
0.6455026455
0.7605633803
0.6989247312
0.9206349206
0.2388888889
0.4555555556
0.3548387097
0.4814814815
0.6878306878
0.5789473684
0.7989417989
0.3277777778
0.6562500000
0.5026455026
0.5850000000
0.6666666667
0.2332015810
0.7043010753
0.1335877863
0.7936507937
0.1333333333
0.1000000000
0.6986301370
0.6500000000
0.7307692308
0.2611111111
0.1000000000
0.3227513228
0.1444444444
0.3222222222
0.5057471264
0.7000000000
0.3111111111
0.7318181818
0.3444444444
0.2722222222
0.4388888889
0.7777777778
0.1052631579
0.6827956989
0.5820105820
0.3444444444
0.3388888889
0.3280423280
0.3571428571
0.8205128205
0.4388888889
0.4555555556
0.7311827957
0.4179894180
0.1555555556
0.6594202899
0.3280423280
0.7902097902
0.4940476190
0.4722222222
0.7526881720
0.5888888889
0.3227513228
0.5268817204
0.6451612903
0.5226345751
0.5553092881
0.4896551724
0.1000000000
0.3661202186
0.2894736842
0.7134831461
0.3763888889
0.3444444444
0.3444444444
0.3095238095
0.2333333333
0.1590909091
0.7388888889
0.8333333333
0.5079365079
0.8849013024
0.1166666667
0.0777777778
0.7318840580
0.6827956989
0.7482517483
0.4814814815
0.3833333333
0.5657894737
0.5229885057
0.3750000000
0.2727272727
0.5789473684
0.5388888889
0.8527383159
0.4166666667
0.3277777778
0.3586206897
0.2111111111
0.5882352941
0.2656250000
0.3666666667
0.4861111111
0.4861111111
0.5400000000
0.3695652174
0.4338624339
0.3000000000
0.8354374241
0.5888888889
0.3000000000
0.6738544474
0.8387096774
0.8111111111
0.8984771574
0.8100000000
0.7195767196
0.4464285714
0.8333333333
0.7037037037
0.7526881720
0.2444444444
0.8835978836
0.5513513514
0.6152021678
0.4166666667
0.5111111111
0.1714285714
0.6666666667
0.8388888889
0.1666666667
0.1222222222
0.4444444444
0.6954022989
0.6719576720
0.5063291139
0.6282527881
0.3722222222
0.8042328042
0.3863636364
0.3222222222
0.2812500000
0.6388888889
0.3555555556
0.7453271028
0.3944444444
0.3277777778
0.1571428571
0.5944444444
0.8779184380
0.5000000000
0.5222222222
0.2722222222
0.2611111111
0.7150537634
0.7777777778
0.2722222222
0.8602150538
0.3666666667
0.4413793103
0.7631336406
0.3333333333
0.7722222222
0.3000000000
0.4232804233
0.6646422408
0.4179894180
0.8050000000
0.6611111111
0.3444444444
0.7333333333
0.7111111111
0.6868480726
0.2444444444
0.7849462366
0.5666666667
0.7173913043
0.6612903226
0.3444444444
0.7513227513
0.6338582677
0.6451612903
0.4111111111
0.3666666667
0.4285714286
0.6400000000
0.5850000000
0.6376014724
0.4736842105
0.7258064516
0.3333333333
0.8461538462
0.2812500000
0.2611111111
0.7043010753
0.6935483871
0.8635382671
0.8029100529
0.8624338624
0.1111111111
0.0568181818
0.5919540230
0.6848450775
0.5666666667
0.8205128205
0.7883597884
0.5500000000
0.6719576720
0.7480270466
0.8571428571
0.5216553288
0.2777777778
0.2917337203
0.5611111111
0.9629629630
0.2111111111
0.0444444444
0.9622641509
0.5055555556
0.6349206349
0.5506329114
0.4413793103
0.5448275862
0.8624338624
0.7166666667
0.7240935038
0.8205128205
0.7722222222
0.4731182796
0.3111111111
0.4583333333
0.7666666667
0.7800000000
0.7043010753
0.8888888889
0.2571428571
0.6166666667
0.7647058824
0.5800000000
0.3277777778
0.3722222222
0.6543562610
0.2444444444
0.6129032258
0.4777777778
0.2332015810
0.5333333333
0.2022900763
0.8811188811
0.7777777778
0.7100000000
0.6848450775
0.8624338624
0.1571428571
0.1666666667
0.6729201453
0.7453271028
0.4814814815
0.3166666667
0.7739726027
0.7583643123
0.7831674413
0.6259920635
0.8354374241
0.8730158730
0.6349206349
0.6055555556
0.7777777778
0.1183206107
0.2500000000
0.9062486772
0.7365591398
0.8122178348
0.7526881720
0.5222222222
0.4600000000
0.7936507937
0.7611111111
0.3681818182
0.7883597884
0.8531468531
0.7380952381
0.6896551724
0.9339622642
0.5652173913
0.6555555556
0.3181818182
0.0444444444
0.2055555556
0.8205128205
0.8677248677
0.7371863799
0.4603174603
0.0898876404
0.6923273432
0.4897959184
0.8205128205
0.0777777778
0.5052631579
0.8333333333
0.7413793103
0.7727829675
0.4166666667
0.4864947090
0.7354497354
0.2444444444
0.2159090909
0.4111111111
0.0769230769
0.9523809524
0.4777777778
0.6264367816
0.2888888889
0.2611111111
0.8166666667
0.0909090909
0.7277777778
0.4761904762
0.9682539683
0.4888888889
0.8277777778
0.0444444444
0.0888888889
0.5200000000
0.4444444444
0.3908045977
0.7142857143
0.4777777778
0.3763888889
0.5789473684
0.2611111111
0.4333333333
0.8333333333
0.2420382166
0.8924731183
0.8653846154
0.2857142857
0.7571428571
0.4483982684
0.2428571429
0.7033492823
0.1000000000
0.7528735632
0.0777777778
0.7471264368
0.7195767196
0.7571428571
0.1030534351
0.3166666667
0.0939849624
0.9111111111
0.4863945578
0.6888668430
0.5714285714
0.6875000000
0.3666666667
0.4111111111
0.4000000000
0.3722222222
0.3666666667
0.6555555556
0.0568181818
0.5777777778
0.7724867725
0.8166666667
0.3722222222
0.3722222222
0.2444444444
0.8111111111
0.7453271028
0.7739726027
0.6878306878
0.5820105820
0.3722222222
0.7688172043
0.5185185185
0.7402298851
0.8181818182
0.7884615385
0.9047619048
0.7166666667
0.5249286915
0.0571428571
0.4388888889
0.5714285714
0.1333333333
0.6162162162
0.2055555556
0.8272727273
0.2277777778
0.3666666667
0.5888888889
0.3142857143
0.8164658468
0.0571428571
0.4777777778
0.5294117647
0.9444444444
0.6458333333
0.7692307692
0.7473118280
0.8333333333
0.6986301370
0.0571428571
0.5241379310
0.5291005291
0.0571428571
0.4126984127
0.8279569892
0.8817204301
0.7400000000
0.3000000000
0.7083333333
0.0571428571
0.0568181818
0.0571428571
0.0568181818
0.3681818182
0.0555555556
0.1285714286
0.8730158730
0.1333333333
0.7666666667
0.1000000000
0.7500000000
0.8814012555
0.8306878307
0.4232804233
0.1944444444
0.1166666667
0.0666666667
0.7333333333
0.5925925926
0.7754796040
0.9682539683
0.5558300395
0.8205128205
0.4944444444
0.5057471264
0.6137566138
0.2910052910
0.4814814815
0.9386792453
0.7910359875
0.8624338624
0.6086956522
0.1285714286
0.7413793103
0.3444444444
0.4166666667
0.0777777778
0.2666666667
0.5138888889
0.1000000000
0.2083333333
0.9731182796
0.4333333333
0.0555555556
0.2777777778
0.4388888889
0.3586206897
0.4166666667
0.6942666584
0.8042328042
0.7766666667
0.7956521739
0.0909090909
0.9153439153
0.6021505376
0.7131838919
0.2555555556
0.5057471264
0.4864330264
0.4897959184
0.3833333333
0.3722222222
0.8253968254
0.0909090909
0.8042328042
0.8205128205
0.8518518519
0.4898989899
0.6451612903
0.1714285714
0.4611111111
0.5333333333
0.7472527473
0.7722222222
0.3913043478
0.2213438735
0.7033492823
0.3166666667
0.6704980843
0.8730158730
0.2595419847
0.5767195767
0.2000000000
0.7956521739
0.0666666667
0.4647759477
0.8042328042
0.5388888889
0.2444444444
0.5185185185
0.0777777778
0.7722222222
0.1000000000
0.4777777778
0.3166666667
0.2444444444
0.8000000000
0.7166666667
0.5185185185
0.4583333333
0.8333333333
0.3913043478
0.3722222222
0.7150537634
0.7631336406
0.5185185185
0.6129032258
0.5057471264
0.1888888889
0.7086614173
0.8194444444
0.4111111111
0.3809523810
0.3444444444
0.4206896552
0.3444444444
0.6612903226
0.6612903226
0.0555555556
0.0611111111
0.7526881720
0.7037037037
0.3111111111
0.1333333333
0.8888888889
0.3777777778
0.5026455026
0.0568181818
0.0611111111
0.5729729730
0.7956521739
0.7688172043
0.4166666667
0.7083333333
0.7611111111
0.6546658986
0.7638888889
0.6732283465
0.6400000000
0.0611111111
0.0555555556
0.7611111111
0.4000000000
0.2910052910
0.7566137566
0.0611111111
0.7526881720
0.1571428571
0.0555555556
0.2666666667
0.7040816327
0.8730158730
0.7166666667
0.2386363636
0.7474489796
0.8308760684
0.6734693878
0.0555555556
0.1166666667
0.5555555556
0.6987179487
0.6878306878
0.5376344086
0.6250000000
0.5057471264
0.0898876404
0.8253968254
0.2910052910
0.3320158103
0.0572519084
0.2910052910
0.9386792453
0.3277777778
0.8722222222
0.2777777778
0.2833333333
0.0571428571
0.2444444444
0.2111111111
0.2888888889
0.3111111111
0.3750000000
0.5386996904
0.3333333333
0.3222222222
0.8253968254
0.3722222222
0.7166666667
0.7089947090
0.2000000000
0.3586206897
0.6989247312
0.6612903226
0.2555555556
0.6881720430
0.7936507937
0.4944444444
0.6934865900
0.4897959184
0.5661375661
0.4375000000
0.7159090909
0.4814814815
0.8817204301
0.6978417266
0.7333333333
0.4736842105
0.2285714286
0.3722222222
0.4268292683
0.6989247312
0.7247191011
0.6746411483
0.4160305344
0.6319444444
0.3111111111
0.5131578947
0.6987179487
0.1222222222
0.2285714286
0.7883597884
0.4873417722
0.6304347826
0.5185185185
0.2611111111
0.7762237762
0.6470588235
0.0777777778
0.2539682540
0.7166666667
0.7954545455
0.6277777778
0.6296296296
0.5238095238
0.7482517483
0.3611111111
0.3055555556
0.2571428571
0.7400000000
0.5138888889
0.6458333333
0.0571428571
0.7133333333
0.8624338624
0.7954545455
0.5694444444
0.2910052910
0.5873015873
0.7112676056
0.3277777778
0.6612903226
0.4942528736
0.3444444444
0.3492063492
0.2380952381
0.0568181818
0.0555555556
0.2910052910
0.3000000000
0.3571428571
0.0568181818
0.7258064516
0.1700000000
0.3597883598
0.0555555556
0.8148148148
0.6704980843
0.6833333333
0.6101694915
0.0555555556
0.7705547607
0.6455026455
0.0555555556
0.4603174603
0.7473118280
0.0535714286
0.7936507937
0.0555555556
0.4126984127
0.6944444444
0.1571428571
0.0555555556
0.1534391534
0.1333333333
0.6954022989
0.4285714286
0.7500000000
0.3970588235
0.6878306878
0.6833333333
0.0571428571
0.0714285714
0.5645161290
0.6190476190
0.0571428571
0.7166666667
0.5215053763
0.0611111111
0.8878840065
0.2917337203
0.3432539683
0.6190476190
0.3277777778
0.8624338624
0.3548387097
0.1000000000
0.7881040892
0.4166666667
0.2917337203
0.0611111111
0.3333333333
0.4412389862
0.1000000000
0.2083333333
0.4861111111
0.9039548023
0.2777777778
0.3388888889
0.5333333333
0.7875000000
0.6190476190
0.7471264368
0.0611111111
0.2643678161
0.9111111111
0.5396825397
0.7033418476
0.1666666667
0.2777777778
0.7916666667
0.0687022901
0.5306122449
0.5972222222
0.3586206897
0.4500000000
0.9153439153
0.8205128205
0.7611111111
0.7297178131
0.1590909091
0.4611111111
0.5333333333
0.7671957672
0.6881613757
0.3722222222
0.2213438735
0.7126436782
0.3166666667
0.0789473684
0.5888888889
0.2595419847
0.1620553360
0.7132867133
0.7883597884
0.7401574803
0.4940476190
0.2611111111
0.5443925234
0.7909090909
0.6825396825
0.1285714286
0.6704980843
0.0777777778
0.4579439252
0.2428571429
0.7166666667
0.6029411765
0.3977272727
0.2083333333
0.4166666667
0.2666666667
0.7614739768
0.5608465608
0.1166666667
0.0568181818
0.6091954023
0.6732283465
0.5057471264
0.3111111111
0.5820105820
0.4206896552
0.5333333333
0.6612903226
0.8042328042
0.4277777778
0.6507936508
0.7037037037
0.7526881720
0.0611111111
0.1333333333
0.2968750000
0.5722222222
0.4782608696
0.8095238095
0.6312056738
0.3597883598
0.0571428571
0.6704980843
0.0555555556
0.7204301075
0.5919540230
0.4137931034
0.6719576720
0.8472222222
0.5916666667
0.4391534392
0.7500000000
0.0555555556
0.7956521739
0.3777777778
0.0571428571
0.7134831461
0.1571428571
0.0444444444
0.2111111111
0.9166666667
0.6594202899
0.6458333333
0.3809523810
0.5132275132
0.4000000000
0.8600823045
0.0444444444
0.1166666667
0.5800000000
0.6000000000
0.7611111111
0.9716981132
0.0666666667
0.7483361534
0.4388888889
0.0769230769
0.5657894737
0.2727272727
0.5132275132
0.6229508197
0.8620689655
0.4861111111
0.1285714286
0.7354497354
0.4611111111
0.2910052910
0.0777777778
0.2666666667
0.2045454545
0.5057471264
0.3111111111
0.4666666667
0.0571428571
0.2444444444
0.4444444444
0.5555555556
0.6942666584
0.7692307692
0.2277777778
0.3862068966
0.5728515803
0.7033418476
0.2674041005
0.7448979592
0.2266666667
0.7605633803
0.4863945578
0.0571428571
0.0789473684
0.5185185185
0.3863636364
0.3908045977
0.7619047619
0.5739644970
0.7566137566
0.0789473684
0.5131578947
0.6388888889
0.3277777778
0.2285714286
0.5333333333
0.6091954023
0.3722222222
0.2213438735
0.7222222222
0.3277777778
0.6455026455
0.5888888889
0.1666666667
0.1571428571
0.7755102041
0.4873417722
0.7724867725
0.5388888889
0.0795454545
0.5131578947
0.7800000000
0.7037037037
0.1335877863
0.6704980843
0.0939849624
0.7954545455
0.7166666667
0.7671957672
0.5739644970
0.4861111111
0.0571428571
0.2083333333
0.4388888889
0.3611111111
0.2722222222
0.7453271028
0.5138888889
0.1259541985
0.3333333333
0.2444444444
0.0571428571
0.7857142857
0.5416666667
0.8141025641
0.3809523810
0.3444444444
0.0611111111
0.5111111111
0.6612903226
0.8444444444
0.2055555556
0.2910052910
0.4782608696
0.7037037037
0.3000000000
0.3388888889
0.6954022989
0.5714285714
0.3666666667
0.4782608696
0.8888888889
0.8472222222
0.6166666667
0.7766497462
0.0666666667
0.3333333333
0.3095238095
0.6552623004
0.4333333333
0.5000000000
0.6719576720
0.6931216931
0.6250000000
0.4268292683
0.5294117647
0.0611111111
0.7692307692
0.8602150538
0.0571428571
0.4137931034
0.8201058201
0.3571428571
0.2333333333
0.1333333333
0.8461538462
0.1333333333
0.6704980843
0.4000000000
0.0571428571
0.1333333333
0.4126984127
0.8666666667
0.6827956989
0.0714285714
0.0611111111
0.7043010753
0.5107526882
0.5185185185
0.7037037037
0.4603174603
0.5769230769
0.6984126984
0.7195767196
0.8256575069
0.3586206897
0.7040816327
0.7605633803
0.7183908046
0.5897435897
0.7448979592
0.7342657343
0.5608465608
0.7888888889
0.7040816327
0.5873015873
0.6825396825
0.7755102041
0.5882352941
0.8888888889
0.5698924731
0.6458333333
0.8782051282
0.5185185185
0.6464613623
0.7150537634
0.6250000000
0.2045454545
0.8602150538
0.7365591398
0.8717948718
0.5416666667
0.5229885057
0.6455026455
0.6666666667
0.6455026455
0.4489795918
0.6827956989
0.6236559140
0.7671957672
0.3125000000
0.8412698413
0.7893650794
0.7159090909
0.7248677249
0.3289473684
0.7896869004
0.8061224490
0.5767195767
0.7241379310
0.7236559140
0.6734693878
0.6507936508
0.8012820513
0.7583643123
0.7100000000
0.5238095238
0.8201058201
0.5064102564
0.7148280897
0.8148148148
0.8169014085
0.5185185185
0.6402116402
0.5820105820
0.7909090909
0.5820105820
0.8163265306
0.3597883598
0.7460317460
0.8783068783
0.6794871795
0.5222222222
0.6666666667
0.4761904762
0.7380952381
0.2708333333
0.8205128205
0.8888888889
0.8589743590
0.8717948718
0.5978835979
0.6402116402
0.8459888496
0.5306122449
0.8571428571
0.6881720430
0.8118279570
0.6455026455
0.7611111111
0.6634877351
0.8277777778
0.4761904762
0.7909090909
0.8042328042
0.8169014085
0.5185185185
0.7222222222
0.5185185185
0.8478260870
0.7197802198
0.8269230769
0.7800000000
0.7513227513
0.8461538462
0.7089947090
0.8387096774
0.8974358974
0.5553890366
0.2777777778
0.7800000000
0.8306878307
0.7902097902
0.6666666667
0.6455026455
0.6719576720
0.7037037037
0.4994262369
0.2083333333
0.6122448980
0.8444444444
0.6825396825
0.8201058201
0.8888888889
0.7513227513
0.7956521739
0.8148148148
0.7301587302
0.5888888889
0.7660416336
0.8262788199
0.7628205128
0.8118279570
0.7333333333
0.8589743590
0.5502645503
0.7040816327
0.8205128205
0.7578967437
0.8412698413
0.7258064516
0.7611111111
0.7100000000
0.7848608978
0.6571428571
0.9294871795
0.9682539683
0.8835978836
0.8655913978
0.6206896552
0.3121693122
0.9408602151
0.6294416244
0.4782608696
0.7142857143
0.7111111111
0.7849462366
0.8095238095
0.7365591398
0.9206349206
0.2910052910
0.6344086022
0.3111111111
0.8042328042
0.8208417535
0.7870353692
0.0833333333
0.5555555556
0.7037037037
0.4897959184
0.9292452830
0.5448275862
0.6290322581
0.7628205128
0.7051282051
0.2486772487
0.2083333333
0.9004440992
0.7956521739
0.7448979592
0.7552447552
0.6833333333
0.6507936508
0.7883597884
0.7391766705
0.8171307331
0.9000000000
0.6034482759
0.8275862069
0.8259253508
0.8201058201
0.8169014085
0.8465608466
0.7936507937
0.8472222222
0.8062457419
0.6455026455
0.6455026455
0.7248677249
0.7795698925
0.5608465608
0.3095238095
0.6774193548
0.4867724868
0.6243386243
0.7936507937
0.4285714286
0.6984126984
0.6984126984
0.4603174603
0.6938775510
0.8655913978
0.7956989247
0.7566137566
0.9470899471
0.0898876404
0.5900000000
0.6444444444
0.8205128205
0.7755102041
0.8333333333
0.8974358974
0.8777777778
0.8100000000
0.7142857143
0.6772486772
0.8064516129
0.8277777778
0.6388888889
0.8835978836
0.9312169312
0.6243386243
0.9576719577
0.6243654822
0.5555555556
0.8225806452
0.9055555556
0.6190476190
0.8880638097
0.5925925926
0.7634408602
0.8888888889
0.4782608696
0.7589285714
0.8644067797
0.5777777778
0.6455026455
0.5132461047
0.8571428571
0.4166666667
0.8811188811
0.8340425532
0.8205128205
0.7741935484
0.5268817204
0.6455026455
0.8259253508
0.8624338624
0.5132275132
0.7142857143
0.4897959184
0.5439802014
0.4791666667
0.8312224349
0.7407407407
0.8412698413
0.7311827957
0.7195767196
0.8237547893
0.8400000000
0.7724867725
0.3469387755
0.8010752688
0.6466666667
0.7766497462
0.7936507937
0.7692307692
0.7142857143
0.8425196850
0.6612903226
0.4944444444
0.7830687831
0.4338624339
0.6344086022
0.5885167464
0.7755102041
0.8201058201
0.7883597884
0.7526881720
0.5185185185
0.8602150538
0.8252314815
0.8974358974
0.8169014085
0.4782608696
0.7354497354
0.7204301075
0.8305448381
0.7142857143
0.7580645161
0.8305448381
0.8525641026
0.6938775510
0.7986394558
0.8202414869
0.7100000000
0.5806451613
0.7365591398
0.7037037037
0.4897959184
0.5376344086
0.6878306878
0.7724867725
0.7482014388
0.4885057471
0.7448979592
0.7043010753
0.0777777778
0.3877551020
0.7243589744
0.6250000000
0.7552447552
0.5608465608
0.7222222222
0.6993006993
0.6666666667
0.6121495327
0.6075268817
0.6326530612
0.8589743590
0.5897435897
0.8941798942
0.7628205128
0.6825396825
0.6612903226
0.6020408163
0.7222222222
0.1722222222
0.7628205128
0.7688172043
0.6548223350
0.4240000000
0.7311827957
0.6137566138
0.6236559140
0.6602201545
0.5132275132
0.6611111111
0.5192307692
0.6720430108
0.3125000000
0.6931216931
0.4942528736
0.7064702374
0.7159090909
0.7354497354
0.3061224490
0.7756410256
0.7526881720
0.6772486772
0.8259253508
0.6378504673
0.6734693878
0.5608465608
0.5833333333
0.8259253508
0.6745283019
0.6344086022
0.8589743590
0.0888888889
0.6708994709
0.7611111111
0.6020408163
0.6612903226
0.6020408163
0.7222222222
0.6122448980
0.7333333333
0.5837103581
0.6938775510
0.5241379310
0.7724867725
0.8730158730
0.7944444444
0.5079365079
0.5967741935
0.4761904762
0.7204301075
0.3061224490
0.5185185185
0.9004440992
0.7956521739
0.0777777778
0.9153439153
0.6984126984
0.7346938776
0.2708333333
0.9135649297
0.6666666667
0.7766497462
0.7755102041
0.7464114833
0.6634877351
0.8100000000
0.4603174603
0.7132867133
0.6825396825
0.8201058201
0.0568181818
0.5185185185
0.6455026455
0.5238095238
0.7766497462
0.7087912088
0.8974358974
0.8169014085
0.7513227513
0.8014031762
0.5760171502
0.7204301075
0.7580645161
0.5661375661
0.6938775510
0.8469387755
0.8137566138
0.8160919540
0.6021505376
0.8148148148
0.8602150538
0.8571428571
0.5972222222
0.2083333333
0.6602564103
0.8444444444
0.0611111111
0.5978835979
0.0888888889
0.9365079365
0.8333333333
0.0714285714
0.7681159420
0.8201058201
0.8531105991
0.6066666667
0.4206896552
0.7755102041
0.7628205128
0.0909090909
0.8225806452
0.7832167832
0.8387096774
0.5608465608
0.5215053763
0.7011494253
0.5079365079
0.6666666667
0.5053763441
0.8333333333
0.7909090909
0.8412698413
0.7346938776
0.7830687831
0.5714285714
0.8201058201
0.8304739175
0.7833333333
0.8465608466
0.8387096774
0.0611111111
0.8169014085
0.6632653061
0.7195767196
0.7037037037
0.7142857143
0.8730158730
0.7365591398
0.5333333333
0.8472222222
0.7688172043
0.3977272727
0.2043010753
0.7513227513
0.7391304348
0.0568181818
0.8607407407
0.6989247312
0.7037037037
0.8111111111
0.7142857143
0.7051282051
0.8783068783
0.6825396825
0.8201058201
0.8095238095
0.4885057471
0.8555555556
0.0777777778
0.7346938776
0.8205128205
0.7365591398
0.6402116402
0.9090909091
0.7473118280
0.8783068783
0.8985507246
0.3681818182
0.8359788360
0.8800000000
0.7195767196
0.8252314815
0.8458333333
0.9047619048
0.8668997669
0.8304739175
0.8678160920
0.7037037037
0.6772486772
0.8461538462
0.8571428571
0.2910052910
0.8974358974
0.6243386243
0.6084656085
0.7936507937
0.8201058201
0.9055555556
0.8666666667
0.4920634921
0.8655913978
0.8655913978
0.8275862069
0.4896551724
0.8277777778
0.0833333333
0.8900000000
0.7373118229
0.7722222222
0.8320610687
0.7755102041
0.9000000000
0.7195767196
0.8517241379
0.7204301075
0.7195767196
0.8062457419
0.9200000000
0.6229508197
0.4791666667
0.8469387755
0.3000000000
0.8888888889
0.8777777778
0.9100529101
0.8277777778
0.8333333333
0.9055555556
0.8654535429
0.6931216931
0.8518518519
0.8974358974
0.8277777778
0.9086021505
0.7258064516
0.8811188811
0.7371794872
0.8148148148
0.6560846561
0.8279569892
0.4166666667
0.8974358974
0.8340425532
0.8205128205
0.8412698413
0.7000000000
0.6612903226
0.8653846154
0.8783068783
0.6137566138
0.5972222222
0.7142857143
0.5185185185
0.4531250000
0.8359788360
0.0833333333
0.3563218391
0.7800000000
0.8655913978
0.7888888889
0.8722222222
0.8306878307
0.2708333333
0.8655913978
0.6507936508
0.8555555556
0.7513227513
0.9259259259
0.7460317460
0.7463768116
0.7241379310
0.5888888889
0.8225806452
0.8461538462
0.7832167832
0.8163265306
0.7528735632
0.8407407407
0.7954545455
0.8518518519
0.7037037037
0.7820512821
0.8444444444
0.8767544078
0.7448979592
0.8671328671
0.8387096774
0.6190476190
0.7777777778
0.6250000000
0.5388888889
0.8387096774
0.6875000000
0.8525641026
0.8571428571
0.7258064516
0.7051282051
0.6264367816
0.6612903226
0.5714285714
0.6613756614
0.9489795918
0.7741935484
0.5641025641
0.8571428571
0.8677248677
0.6222222222
0.7513227513
0.9365079365
0.8835978836
0.8172043011
0.9731182796
0.6720430108
0.7040816327
0.8064516129
0.6827956989
0.6827956989
0.6388888889
0.6612903226
0.8100000000
0.7277777778
0.8324873096
0.5555555556
0.5555555556
0.6543562610
0.7708916460
0.7881853596
0.7350993377
0.5185185185
0.7346938776
0.5376344086
0.7412587413
0.7500000000
0.8076923077
0.7936507937
0.8571428571
0.8412698413
0.6666666667
0.7195767196
0.7142857143
0.5714285714
0.7777777778
0.4892473118
0.7671957672
0.3125000000
0.6560846561
0.1000000000
0.3908045977
0.5992437231
0.7724867725
0.8300000000
0.7435897436
0.6451612903
0.7142857143
0.7888888889
0.8055555556
0.7407407407
0.5608465608
0.7083333333
0.5833333333
0.7142857143
0.6720430108
0.8888888889
0.1333333333
0.8463924964
0.7857142857
0.7448979592
0.7448979592
0.4387755102
0.6428571429
0.7688172043
0.8951048951
0.7195767196
0.7884615385
0.7096774194
0.7159090909
0.8148148148
0.8141025641
0.6666666667
0.6612903226
0.5185185185
0.6190476190
0.1555555556
0.8306878307
0.8000000000
0.6224489796
0.7722222222
0.9075414701
0.7500000000
0.5510204082
0.2708333333
0.8000000000
0.6836734694
0.7888888889
0.6560846561
0.6290322581
0.8500000000
0.7241379310
0.7450000000
0.4885057471
0.7954545455
0.6666666667
0.7460317460
0.3777777778
0.6031746032
0.8269230769
0.3194444444
0.7258064516
0.8843052109
0.8571428571
0.4693877551
0.8974358974
0.7183908046
0.7910359875
0.8844444131
0.2611111111
0.3439153439
0.2910052910
0.8064516129
0.7676056338
0.7909090909
0.6720430108
0.8148148148
0.8655913978
0.7037037037
0.5661375661
0.8201058201
0.7419354839
0.8222222222
0.6182795699
0.5978835979
0.3563218391
0.9629629630
0.8205128205
0.7500000000
0.6938775510
0.8709677419
0.2708333333
0.4032258065
0.7142857143
0.8148148148
0.7142857143
0.8627834605
0.5333333333
0.7040816327
0.6111111111
0.5131578947
0.4827586207
0.4907633101
0.7600000000
0.0666666667
0.7755102041
0.8653846154
0.7460317460
0.9448275862
0.9629629630
0.8709677419
0.5537634409
0.8653846154
0.8730158730
0.8924731183
0.8500000000
0.4911784628
0.6719576720
0.7777777778
0.7500000000
0.5277777778
0.9055555556
0.7500000000
0.8844444131
0.3544973545
0.7910359875
0.3095238095
0.8252314815
0.8555555556
0.8337985939
0.7741935484
0.8148148148
0.6084656085
0.7037037037
0.9470899471
0.8111111111
0.5318548387
0.7671957672
0.7566137566
0.7435897436
0.1904761905
0.0687022901
0.3908045977
0.8783379531
0.8750000000
0.6613756614
0.3958333333
0.7075412186
0.6666666667
0.8736263736
0.7956989247
0.7582417582
0.9000000000
0.3681818182
0.8253968254
0.8100000000
0.8306878307
0.8518518519
0.8306878307
0.8835978836
0.8698939949
0.8702502396
0.8767544078
0.8126984127
0.7037037037
0.7204301075
0.7460317460
0.7166666667
0.7248677249
0.6827956989
0.6455026455
0.6243386243
0.8412698413
0.4285714286
0.7580645161
0.8333333333
0.3277777778
0.8095238095
0.0571428571
0.8994708995
0.4942528736
0.8111111111
0.7037037037
0.7291666667
0.2500000000
0.7244897959
0.6666666667
0.8391608392
0.9000000000
0.8363278809
0.7833333333
0.6612903226
0.8095238095
0.8844444131
0.1030534351
0.7800000000
0.8461538462
0.8518518519
0.7350993377
0.8548387097
0.8500000000
0.0568181818
0.7671957672
0.8337985939
0.8333333333
0.9055555556
0.8873239437
0.8979591837
0.7311827957
0.7301587302
0.8277777778
0.9000551420
0.7183908046
0.8391608392
0.7513227513
0.8518518519
0.6455026455
0.4193562610
0.8076923077
0.8205128205
0.8571428571
0.8172043011
0.7379310345
0.8169014085
0.6277777778
0.6666666667
0.7514072148
0.8469387755
0.5820105820
0.3125000000
0.7956989247
0.7078189300
0.8095238095
0.8065341071
0.8359788360
0.7956989247
0.8205128205
0.8655913978
0.0909090909
0.8465608466
0.7456191391
0.8148148148
0.6190476190
0.8312224349
0.8306878307
0.8333333333
0.7833333333
0.8111111111
0.6634877351
0.6666666667
0.8300000000
0.8624338624
0.8249976927
0.6357615894
0.7959183673
0.8255308208
0.8000000000
0.8518518519
0.6243386243
0.7820512821
0.8136363636
0.7883597884
0.8163265306
0.8783379531
0.7346938776
0.7243589744
0.8472222222
0.6825396825
0.5517241379
0.8444444444
0.8472222222
0.8505747126
0.8514943916
0.7204301075
0.8205128205
0.6478873239
0.7043010753
0.5714285714
0.7365591398
0.8673469388
0.2500000000
0.6290322581
0.2708333333
0.7752808989
0.7037037037
0.4367816092
0.6774193548
0.7043010753
0.8469387755
0.3750000000
0.6923076923
0.7055555556
0.8030303030
0.7989417989
0.7111111111
0.7346938776
0.7000000000
0.8010752688
0.8253968254
0.5555555556
0.5714285714
0.8256575069
0.7500000000
0.7500000000
0.7183908046
0.6402116402
0.7346938776
0.2444444444
0.7705547607
0.7500000000
0.7148936170
0.7936507937
0.8571428571
0.8253968254
0.7195767196
0.7910359875
0.7989417989
0.5192307692
0.7909090909
0.4892473118
0.5769230769
0.3125000000
0.6455026455
0.0571428571
0.7875000000
0.7959183673
0.8624338624
0.5972222222
0.5806451613
0.7428315412
0.7307692308
0.7613131313
0.7419354839
0.8624338624
0.5608465608
0.7566137566
0.5833333333
0.6282527881
0.7755102041
0.5767195767
0.8201058201
0.5064102564
0.7671957672
0.8148148148
0.7159090909
0.5238095238
0.5978835979
0.8518518519
0.7371863799
0.5820105820
0.8469387755
0.3386243386
0.8422704199
0.7258064516
0.7244897959
0.3125000000
0.5769230769
0.6984126984
0.8518518519
0.5388888889
0.0740740741
0.8000000000
0.8984771574
0.7956989247
0.8700000000
0.8253968254
0.6290322581
0.8247869375
0.5510204082
0.8569634712
0.6612903226
0.7910962872
0.6455026455
0.5388888889
0.5000000000
0.8225806452
0.6825396825
0.6029411765
0.6282527881
0.8095238095
0.7142857143
0.5107526882
0.5057471264
0.5238095238
0.8444444444
0.7513227513
0.7848608978
0.7159090909
0.8425196850
0.5000000000
0.7037037037
0.7333333333
0.8095238095
0.7777777778
0.3965517241
0.8724665658
0.8306878307
0.6679894180
0.4166666667
0.7361111111
0.7724867725
0.6349206349
0.8111111111
0.3125000000
0.7959183673
0.6290322581
0.1666666667
0.5978835979
0.0687022901
0.6455026455
0.7909090909
0.8201438849
0.8002723797
0.8624338624
0.5608465608
0.8169014085
0.8709677419
0.7628205128
0.8111111111
0.7611111111
0.8183622829
0.5608465608
0.6689655172
0.5306122449
0.4761904762
0.6034482759
0.5833333333
0.8225806452
0.7552447552
0.8201058201
0.4861111111
0.7830687831
0.5925925926
0.8306878307
0.5388888889
0.6349206349
0.6250000000
0.6464613623
0.6294416244
0.7183908046
0.6530612245
0.8571428571
0.7243589744
0.7444444444
0.8208417535
0.6825396825
0.9301075269
0.7631336406
0.7688172043
0.7040816327
0.3222222222
0.7243589744
0.7931182796
0.6666666667
0.8709677419
0.5978835979
0.7741935484
0.9388888889
0.5098370181
0.5376344086
0.7671957672
0.7903225806
0.6858974359
0.2433862434
0.0571428571
0.4942528736
0.8225806452
0.8300000000
0.6455026455
0.4078947368
0.6719576720
0.8742715618
0.8412698413
0.3541666667
0.7582417582
0.7037037037
0.3681818182
0.8062457419
0.7195767196
0.7909090909
0.9206349206
0.8624338624
0.7195767196
0.6344086022
0.7179487179
0.6455026455
0.6137566138
0.5107526882
0.7333333333
0.3277777778
0.7795698925
0.8677248677
0.6137566138
0.6444444444
0.6719576720
0.6349206349
0.4166666667
0.7580645161
0.4285714286
0.8783068783
0.7037037037
0.8306878307
0.7078189300
0.5448275862
0.7956521739
0.8624338624
0.7301587302
0.6190476190
0.9629629630
0.2812500000
0.8444444444
0.6666666667
0.2444444444
0.4444444444
0.8817204301
0.8225806452
0.8412698413
0.8908045977
0.8762767028
0.7777777778
0.8741258741
0.8412698413
0.6458333333
0.8000000000
0.7526881720
0.7619047619
0.7401574803
0.7301587302
0.8387096774
0.0568181818
0.8095238095
0.8291067356
0.7243589744
0.9032258065
0.7159090909
0.5000000000
0.9200000000
0.0571428571
0.5873015873
0.6797178131
0.8888888889
0.8412698413
0.7528735632
0.8924731183
0.7407407407
0.3597883598
0.5873015873
0.5226345751
0.7755102041
0.0571428571
0.4761904762
0.5000000000
0.3924731183
0.7566137566
0.7513227513
0.8306878307
0.6559139785
0.6666666667
0.6428571429
0.6137566138
0.7831674413
0.8148148148
0.6666666667
0.2083333333
0.6290322581
0.6666666667
0.0898876404
0.1222222222
0.6446700508
0.7037037037
0.6797178131
0.1222222222
0.8205128205
0.7159090909
0.0611111111
0.6509433962
0.7037037037
0.7849462366
0.2962962963
0.7903225806
0.8835978836
0.7830687831
0.8225806452
0.0789473684
0.0789473684
0.8750000000
0.6378504673
0.8100000000
0.0777777778
0.8296296296
0.7708083233
0.8324873096
0.8300000000
0.5608465608
0.7583643123
0.5333333333
0.8272727273
0.7578967437
0.8306878307
0.8095238095
0.6206896552
0.8472222222
0.6137566138
0.4930555556
0.6137566138
0.8661833531
0.6836734694
0.6190476190
0.6455026455
0.7777777778
0.8205128205
0.7741935484
0.0611111111
0.5079365079
0.0555555556
0.7244897959
0.0611111111
0.2666666667
0.6388888889
0.0555555556
0.7040816327
0.8461538462
0.5860215054
0.5645161290
0.9081632653
0.8306878307
0.4897959184
0.5820105820
0.6719576720
0.6774193548
0.7258064516
0.4603174603
0.0568181818
0.7037037037
0.0568181818
0.7883597884
0.6504032258
0.0611111111
0.7500000000
0.9629629630
0.6448275862
0.5064102564
0.7628205128
0.6031746032
0.8611111111
0.7756410256
0.8061224490
0.7142857143
0.0611111111
0.8412698413
0.6944444444
0.7037037037
0.5767195767
0.4867724868
0.7248677249
0.0555555556
0.6560846561
0.7142857143
0.5322580645
0.8653846154
0.5376344086
0.7448979592
0.6825396825
0.7388888889
0.7666666667
0.3333333333
0.6455026455
0.7681818182
0.6888888889
0.6993006993
0.5388888889
0.6137566138
0.0555555556
0.5388888889
0.7111111111
0.6827956989
0.7741935484
0.6719576720
0.5185185185
0.6734693878
0.8571428571
0.0555555556
0.2722222222
0.5967741935
0.8736263736
0.6021505376
0.6455026455
0.6290322581
0.7000351301
0.6586789555
0.8994708995
0.5238095238
0.7241379310
0.6290322581
0.5820105820
0.6020408163
0.2611111111
0.6719576720
0.0571428571
0.0571428571
0.0611111111
0.8225806452
0.7830687831
0.8042328042
0.7724867725
0.7526881720
0.7346938776
0.7213403880
0.8367346939
0.8201058201
0.6402116402
0.7258788941
0.8402777778
0.0789473684
0.8095238095
0.7040816327
0.8277777778
0.7150537634
0.8730158730
0.8472222222
0.7528735632
0.7583643123
0.4867724868
0.6704980843
0.6455026455
0.8253968254
0.7611111111
0.7526881720
0.7989417989
0.7526881720
0.0568181818
0.8772284644
0.7848608978
0.6571428571
0.7142857143
0.6162162162
0.7722222222
0.7504505888
0.8472222222
0.8472222222
0.5079365079
0.6931216931
0.8100000000
0.0555555556
0.2910052910
0.7795698925
0.6611111111
0.6794871795
0.6455026455
0.0769230769
0.5978835979
0.2083333333
0.6290322581
0.6827956989
0.4603174603
0.6825396825
0.7883597884
0.5995962819
0.8253968254
0.0769230769
0.7681818182
0.7244897959
0.5555555556
0.7956521739
0.6444444444
0.7612237971
0.2708333333
0.5185185185
0.0909090909
0.8459888496
0.7453271028
0.8194444444
0.0909090909
0.7722222222
0.6097560976
0.8655913978
0.6166666667
0.8148148148
0.4885057471
0.8800000000
0.8253968254
0.5064102564
0.7755102041
0.6938775510
0.7848608978
0.5388888889
0.8172043011
0.5714285714
0.7526881720
0.5388888889
0.7197802198
0.6984126984
0.6250000000
0.7037037037
0.8772284644
0.4387755102
0.6947890819
0.6938775510
0.6137566138
0.7197802198
0.5820105820
0.9462365591
0.7653061224
0.6250000000
0.0568181818
0.0571428571
0.0571428571
0.4285714286
0.2727272727
0.7688172043
0.7526881720
0.0571428571
